271.220
18.494
8.787
17.288
24.334
27.336
19.953
8.204
42.686
25.719
26.278
28.564
19.024
18.947
55.566
25.792
19.549
18.761
21.845
36.402
9.729
20.411
18.389
33.887
22.817
20.222
24.776
18.949
17.913
11.344
33.145
26.871
19.444
7.848
11.630
17.624
26.631
22.633
20.231
9.316
18.130
39.676
22.786
11.092
26.470
18.291
13.229
9.918
16.730
8.027
9.174
18.571
24.080
33.592
25.019
34.769
8.630
16.102
41.738
8.162
23.039
7.535
20.667
33.178
9.511
24.110
24.218
7.782
7.710
30.968
31.029
11.366
18.104
7.973
20.563
30.717
11.888
29.474
18.502
19.664
23.473
19.577
8.913
13.324
7.887
17.963
20.904
13.376
31.012
8.244
20.998
8.919
9.658
30.063
17.984
10.800
18.545
8.989
11.872
38.066
33.663
23.654
19.927
18.387
32.212
33.140
20.846
18.507
9.506
29.465
33.643
18.167
20.629
8.703
36.979
30.323
26.245
18.478
29.558
40.004
7.982
23.375
8.440
7.320
11.834
36.498
22.927
10.121
22.857
12.985
28.269
24.057
7.431
8.582
19.265
17.084
29.763
21.335
7.901
20.939
9.604
14.554
27.125
20.623
9.371
12.297
20.059
8.579
34.337
24.784
