267.157
260.915
273.307
260.926
260.196
261.233
261.641
271.272
272.730
260.957
260.089
261.447
261.164
261.817
260.588
260.234
261.235
270.971
261.018
658.132
262.327
260.941
270.558
261.638
260.924
261.547
260.691
272.816
261.429
261.904
262.577
260.863
261.369
263.906
261.294
264.273
261.850
262.578
261.505
261.343
261.227
261.828
260.488
261.394
261.684
261.531
261.363
261.202
260.882
272.050
261.599
262.081
261.451
261.419
261.610
261.116
260.639
265.062
261.031
262.833
261.112
262.546
271.044
262.100
263.770
262.645
260.837
262.685
272.340
260.651
260.329
262.308
262.474
262.804
260.569
261.152
270.743
261.652
261.226
262.661
261.897
261.467
261.717
262.016
261.384
262.574
273.244
263.628
260.728
261.143
261.643
261.948
263.663
261.906
261.415
261.098
261.546
260.871
260.671
272.470
261.603
271.913
261.664
260.786
260.746
261.817
260.741
261.628
260.998
273.555
633.398
763.170
261.090
262.342
261.699
260.680
261.666
261.647
261.524
260.890
272.387
260.858
261.739
262.629
260.344
261.810
262.788
261.846
262.096
261.193
261.030
261.390
261.645
261.564
260.781
261.513
270.867
260.568
261.657
263.000
260.986
261.150
261.376
262.178
261.124
263.130
267.198
261.094
261.312
260.976
