270.703
9.916
19.250
20.493
7.697
18.899
8.096
13.647
17.170
20.234
9.375
20.027
21.552
7.905
8.138
8.163
17.992
37.063
20.506
17.120
18.279
19.267
10.578
8.537
18.413
21.128
21.246
18.687
30.300
7.616
17.682
7.740
7.634
18.753
8.204
19.276
19.894
18.769
8.612
12.327
17.806
14.538
8.551
19.035
7.826
18.846
20.893
42.985
9.614
33.964
9.541
19.964
8.317
17.838
9.341
19.206
9.715
19.995
18.427
8.231
7.836
20.638
24.935
8.532
18.794
8.613
19.820
11.156
7.752
7.657
8.315
8.896
8.581
8.626
11.377
20.677
18.705
18.149
7.463
7.825
18.545
18.990
29.710
11.886
10.350
9.235
12.704
8.053
8.127
20.097
20.760
9.359
12.686
8.240
20.472
9.974
11.104
11.110
9.485
18.391
18.605
9.669
8.829
7.743
9.433
10.374
21.054
9.721
10.305
9.063
21.431
9.886
20.053
11.569
13.075
28.289
10.289
23.359
20.424
8.868
11.577
19.718
9.184
21.260
16.135
11.700
32.382
18.987
8.878
11.101
18.781
19.385
12.882
19.199
23.027
7.549
18.054
7.857
7.574
8.336
29.399
21.068
19.997
8.156
18.661
10.337
22.291
19.656
9.656
20.545
