277.317
281.563
260.679
274.003
264.412
270.470
261.674
271.947
278.495
262.949
263.840
276.854
280.414
280.506
280.279
276.251
276.627
262.269
286.924
275.815
275.906
274.986
272.364
270.772
276.208
263.803
278.940
272.275
276.413
278.020
275.302
277.917
274.500
277.265
289.280
3213.709
271.390
278.242
264.544
272.659
278.065
271.696
263.668
282.007
279.433
288.744
269.488
269.187
273.844
284.414
274.679
272.197
283.511
275.689
271.950
280.458
274.203
273.563
271.747
262.961
261.161
273.300
275.279
274.515
271.476
274.726
282.269
263.478
277.415
281.006
270.546
278.797
268.608
278.652
275.042
270.871
290.430
272.542
275.241
278.423
266.621
274.511
272.325
276.691
272.626
281.307
274.678
271.934
276.547
274.990
272.227
272.215
275.048
273.883
288.668
276.554
274.371
264.649
275.375
280.691
275.990
273.352
278.230
273.535
272.685
264.324
290.793
283.474
273.203
291.153
289.906
277.862
274.198
277.154
274.528
275.681
273.502
271.076
280.547
276.117
284.147
275.414
276.726
275.343
284.029
276.060
3241.597
274.865
274.373
276.820
275.012
278.446
281.172
275.238
271.300
273.759
275.484
263.185
277.954
274.091
262.918
282.641
279.742
273.409
273.822
279.690
272.468
274.452
271.290
279.732
