273.971
261.477
263.831
260.951
260.350
261.789
260.637
260.488
262.907
59.355
386.907
260.414
268.026
260.469
260.876
272.046
149.049
295.919
182.757
265.291
260.844
261.044
261.976
196.482
271.737
261.364
260.052
272.496
260.592
163.891
272.440
165.446
96.889
382.839
264.452
261.327
270.502
262.413
260.134
260.893
260.838
270.610
118.910
51.844
253.512
371.407
261.675
260.888
269.667
262.044
272.116
272.615
261.312
262.780
263.747
60.510
386.982
265.536
261.370
96.988
350.363
262.368
82.654
253.717
297.653
260.421
262.786
260.071
259.685
200.851
261.351
260.410
260.156
260.551
235.980
259.788
271.903
262.074
272.254
262.148
260.990
260.361
262.757
260.428
262.314
260.862
271.299
261.529
259.784
262.052
272.454
43.336
660.901
624.818
363.495
37.294
409.236
263.484
261.531
261.679
261.700
261.076
67.209
380.607
203.188
260.705
260.452
260.815
260.061
272.948
260.364
261.375
275.057
216.850
260.599
260.284
262.587
271.310
53.880
391.254
54.193
394.213
260.369
261.074
270.126
262.374
261.648
261.771
260.513
261.770
129.337
318.939
260.978
271.020
261.080
260.887
117.487
328.310
261.708
261.564
260.231
271.361
262.621
260.264
271.785
263.199
199.692
211.549
261.165
260.619
