277.693
271.364
262.478
271.023
271.126
261.528
274.630
794.492
272.436
272.190
270.769
272.056
260.566
271.413
270.819
271.683
270.851
271.577
261.896
272.900
262.117
271.699
260.948
270.422
271.572
271.047
261.359
272.208
261.126
274.221
270.940
271.677
262.205
270.990
262.291
277.152
272.127
271.498
260.992
270.623
271.777
266.411
271.520
271.839
272.407
271.241
270.536
271.144
261.154
270.997
262.175
274.139
271.721
271.420
274.058
271.592
270.965
272.940
271.188
271.218
271.052
260.735
262.217
262.366
271.355
271.026
271.955
276.141
271.750
261.267
273.015
270.600
271.672
261.459
260.720
271.706
271.784
277.094
264.089
264.125
272.081
273.218
271.044
262.000
270.970
262.484
263.000
273.704
265.738
263.796
262.794
271.930
261.839
263.671
263.530
662.955
771.331
273.201
273.172
261.240
263.210
262.761
264.414
274.646
263.603
263.249
272.198
272.791
262.200
262.362
262.136
265.485
262.750
263.461
262.056
272.649
262.743
264.793
266.206
266.026
263.533
263.709
265.346
275.133
275.585
263.393
271.910
263.853
262.788
271.419
262.354
272.804
270.822
260.878
271.894
271.536
262.161
261.474
272.182
272.683
264.321
272.866
261.323
271.733
272.051
263.857
271.441
263.587
272.924
275.125
