271.452
20.384
8.550
7.346
18.480
18.320
7.462
21.187
22.067
10.030
9.865
9.946
7.640
18.419
20.156
8.698
21.040
8.259
9.730
18.561
19.291
25.356
8.557
11.769
25.871
19.401
9.667
19.815
7.969
21.262
9.885
9.808
10.303
18.661
20.469
18.650
7.660
18.503
20.876
31.530
18.721
10.595
8.173
19.352
19.965
40.560
28.921
23.624
8.534
21.893
15.951
34.855
19.699
19.104
28.771
8.948
8.722
13.186
18.798
13.353
8.354
20.164
34.474
19.765
24.650
9.470
19.399
22.717
24.391
8.504
23.042
18.475
9.207
20.711
21.238
20.165
19.345
9.562
13.948
27.966
11.571
7.614
8.594
8.529
11.653
8.909
29.532
20.428
14.868
9.630
20.717
17.947
20.178
21.158
11.256
7.977
14.812
19.085
8.249
8.715
20.067
9.142
16.522
26.717
22.180
9.603
20.101
11.954
20.787
20.267
22.175
20.676
10.004
26.249
10.866
9.241
11.274
11.091
9.839
8.764
21.212
21.863
11.471
9.905
9.404
8.453
20.525
14.044
9.194
8.566
28.748
9.451
45.170
9.432
8.784
7.854
17.405
19.913
14.639
21.018
23.871
7.856
12.899
9.352
18.818
9.541
15.183
20.963
28.153
24.833
