279.987
262.027
272.335
261.416
270.688
271.325
260.209
271.248
271.532
271.299
261.055
270.833
261.177
274.413
269.997
453.289
1316.777
270.727
269.934
270.709
270.160
270.968
260.335
271.150
271.521
260.292
271.607
260.411
271.837
261.462
270.398
270.391
271.088
270.866
260.632
270.441
271.156
270.576
269.929
269.771
269.478
261.453
270.499
270.671
259.940
269.566
262.977
261.804
260.274
259.857
269.704
270.272
262.501
260.810
261.815
261.051
271.335
271.227
260.154
263.909
272.313
272.033
259.553
261.596
260.303
269.547
261.287
273.394
270.210
269.850
274.332
259.715
270.178
271.156
272.394
264.809
263.012
262.487
267.142
262.224
271.804
262.819
271.014
260.825
261.160
261.471
270.958
260.238
259.697
262.549
260.406
260.756
259.895
270.360
269.706
259.650
271.607
271.561
262.650
272.471
261.485
270.623
261.651
271.631
271.298
566.643
1317.329
262.157
270.633
272.505
270.196
270.256
259.315
269.558
259.224
259.548
270.086
271.418
270.668
270.018
269.866
269.605
270.213
271.975
271.025
260.486
271.360
263.984
272.356
271.581
270.934
270.428
261.815
270.638
269.733
270.657
269.741
271.244
269.592
270.170
270.379
270.338
269.394
269.796
270.460
270.700
260.646
271.353
261.273
272.243
