263.540
261.672
261.624
272.257
262.007
261.305
260.614
263.119
262.591
260.289
261.014
260.969
271.650
261.805
263.613
261.626
260.311
262.273
262.341
262.352
271.317
271.842
260.876
260.691
638.457
771.093
260.351
276.031
267.650
260.735
261.521
261.834
272.914
260.697
261.896
262.006
260.959
261.913
260.944
262.777
261.230
261.510
260.526
263.253
260.879
262.623
261.645
271.514
262.146
261.756
261.148
271.598
260.297
260.459
260.854
262.385
271.053
263.539
260.957
261.355
261.744
263.470
261.410
261.137
262.247
262.148
263.154
261.832
260.807
262.315
271.491
270.700
263.162
261.131
261.391
260.469
262.921
259.904
261.196
262.069
261.581
260.666
260.538
262.262
261.004
262.020
274.763
266.597
262.020
260.281
262.704
261.339
261.658
270.822
271.405
261.075
262.272
260.808
261.960
261.026
260.454
271.303
261.220
272.701
260.635
261.708
261.616
261.694
261.103
262.922
260.783
261.859
263.984
261.544
261.626
637.047
772.224
262.009
270.911
261.475
261.802
260.515
262.207
260.938
261.408
261.263
261.945
274.711
261.046
261.501
261.117
261.959
260.968
263.229
262.950
273.335
262.521
262.770
264.913
263.282
263.346
278.545
268.326
269.425
267.255
275.650
270.986
264.835
262.490
262.274
