273.915
780.307
271.504
262.919
270.718
261.544
261.862
272.331
270.662
271.550
260.611
271.422
271.680
272.595
271.452
270.985
260.925
271.822
261.058
270.418
260.973
261.559
262.072
271.443
261.538
262.055
263.229
263.607
271.677
274.910
271.563
271.751
260.731
262.451
272.590
261.883
271.526
261.927
272.414
271.350
269.904
270.745
262.851
272.090
272.174
260.587
271.541
261.784
270.487
260.630
272.314
260.422
270.967
260.547
271.208
271.470
261.715
272.524
260.862
270.388
262.398
260.884
271.145
259.683
261.283
260.508
271.671
263.038
272.285
270.233
272.509
261.275
271.138
261.580
270.841
270.845
272.380
271.105
274.580
272.164
272.497
270.879
271.600
272.120
271.435
271.345
271.593
271.543
271.962
272.626
1179.871
270.885
271.077
271.610
260.311
261.270
272.076
261.501
270.800
272.837
271.415
272.047
270.628
271.896
270.973
271.575
272.410
273.035
270.975
271.097
272.555
271.416
270.764
261.944
263.481
263.504
271.793
261.917
271.361
261.965
274.090
263.816
270.916
261.806
262.725
270.653
261.307
271.956
272.220
272.124
260.921
271.429
271.548
261.509
271.635
272.990
274.748
271.351
260.748
261.215
261.805
260.777
274.211
274.092
262.151
271.585
273.734
270.989
263.011
261.302
