280.402
271.769
263.495
263.154
271.638
261.805
261.097
261.482
272.332
270.884
270.052
261.444
274.348
278.122
270.700
262.096
261.888
273.406
262.204
261.447
272.525
273.171
272.371
272.077
271.472
272.589
272.194
273.259
271.560
261.961
275.114
262.792
263.051
270.352
276.357
271.012
262.167
260.371
1304.552
272.154
273.376
282.744
271.720
272.042
264.821
273.059
273.201
261.952
274.482
272.931
261.663
277.001
272.340
272.102
270.110
260.971
261.207
260.744
261.800
271.833
270.300
261.876
260.268
272.516
271.680
272.100
268.216
261.943
274.892
269.219
285.074
262.004
262.631
272.322
272.304
272.191
263.045
270.679
259.682
262.007
260.363
272.262
270.366
271.485
271.102
260.769
272.820
260.674
259.799
272.410
271.737
264.716
272.554
271.607
261.065
271.469
260.514
271.165
261.786
271.695
263.294
271.631
270.271
260.615
261.141
266.721
262.119
279.359
260.503
262.289
271.921
260.878
261.100
262.893
273.279
264.312
264.026
262.009
261.793
272.150
261.364
260.875
260.875
262.074
264.077
271.928
262.605
1308.024
260.191
260.211
260.867
263.982
261.517
262.324
276.724
272.128
272.572
271.833
261.085
271.755
271.505
272.062
271.159
274.460
271.510
274.161
271.642
271.842
276.283
260.343
