277.930
286.669
277.462
292.156
261.395
260.920
268.969
278.089
282.920
288.234
276.278
270.701
287.443
277.270
268.005
277.134
268.025
273.664
276.512
291.998
274.852
261.738
272.373
280.016
266.744
261.619
271.440
261.187
284.793
272.921
278.727
280.881
276.744
295.060
286.573
287.184
291.097
278.417
273.376
287.465
276.781
287.452
285.883
278.311
277.798
285.512
294.147
286.673
286.414
287.743
276.543
275.866
277.905
283.719
278.282
273.750
276.473
276.981
273.983
278.887
286.623
279.904
288.785
288.289
278.136
291.449
293.228
276.314
266.154
284.115
279.518
272.525
273.911
280.517
271.040
272.851
281.030
263.844
275.970
3213.328
272.978
280.915
282.190
270.541
274.286
260.199
271.651
265.952
273.608
275.240
288.507
272.338
290.245
285.726
292.084
289.488
276.695
278.968
290.002
285.254
276.626
288.840
290.157
284.529
283.436
290.511
284.729
286.978
286.532
274.076
283.049
288.674
278.263
273.309
285.857
278.272
270.853
283.363
272.208
271.432
265.540
272.676
277.847
283.110
281.638
283.108
276.799
287.216
288.607
290.214
276.745
288.516
282.403
289.341
280.360
277.911
278.514
268.686
292.556
287.666
259.886
288.481
273.059
279.122
274.059
285.521
275.926
272.209
275.696
268.928
