278.492
261.454
271.460
262.740
261.604
262.115
261.019
271.674
271.833
271.468
260.731
260.073
270.887
260.228
260.371
270.376
260.253
270.482
259.643
260.045
274.367
271.715
667.254
1311.637
271.931
260.758
271.278
271.870
271.419
274.126
262.098
262.772
263.939
264.996
263.135
261.326
261.879
261.605
260.953
271.447
259.885
260.387
264.638
260.931
264.179
263.598
262.679
264.131
265.019
262.798
262.014
263.181
266.167
263.528
266.034
261.579
261.180
260.053
270.056
260.228
260.656
260.828
262.110
267.503
271.546
261.124
262.339
260.167
260.411
260.036
271.876
279.990
260.548
261.332
262.342
260.552
260.949
261.494
270.589
271.487
270.930
271.591
259.515
269.846
269.798
260.410
269.920
259.425
270.800
269.953
271.529
270.041
270.483
270.891
261.203
270.591
261.327
260.921
260.190
260.258
271.320
271.135
260.696
271.048
260.226
260.800
277.303
260.522
263.797
262.983
265.156
263.193
614.498
261.625
261.439
261.913
271.813
271.476
271.679
271.636
272.322
271.513
272.443
271.048
262.562
271.308
260.904
271.410
261.048
271.382
278.842
260.374
262.568
260.797
262.892
271.176
270.988
270.114
271.597
271.557
259.714
270.043
271.221
272.164
262.512
270.728
270.760
271.218
260.756
272.253
