272.659
277.021
275.988
277.614
259.585
299.837
277.223
272.565
280.353
282.321
282.216
263.322
262.571
270.719
274.569
276.698
264.479
262.343
261.119
278.296
272.092
283.298
276.629
277.160
281.298
276.166
273.404
260.104
275.943
284.314
269.486
276.927
275.081
270.487
277.517
288.081
289.464
276.255
279.599
273.834
273.517
281.954
274.819
273.863
282.759
267.831
280.423
284.794
290.263
285.109
276.756
274.592
281.463
277.559
273.434
296.313
274.540
273.131
290.665
277.714
284.218
275.919
281.967
276.071
273.052
270.105
274.239
282.128
273.573
273.029
276.302
271.128
273.280
285.756
273.271
271.639
279.034
276.849
272.646
272.771
277.442
282.754
278.383
276.660
285.843
278.614
276.266
287.106
275.797
268.110
277.249
273.982
278.720
264.891
272.653
278.006
262.467
278.752
302.843
279.753
274.309
271.722
280.361
281.941
277.467
270.928
270.482
270.588
268.678
275.058
279.063
264.912
261.953
271.882
270.538
270.957
270.409
274.939
286.429
280.041
279.314
261.922
274.039
273.351
269.341
277.868
264.805
269.798
270.455
261.544
272.435
281.435
274.293
263.484
262.726
284.861
276.934
274.027
278.095
277.172
271.784
268.886
262.085
275.959
276.120
277.727
275.380
275.842
262.178
281.876
