276.235
259.628
261.145
645.992
794.715
273.299
270.270
263.168
271.239
271.960
271.507
271.549
261.379
268.533
270.708
271.489
271.370
271.860
270.967
274.770
270.991
271.035
271.247
271.287
270.134
260.640
270.815
270.162
260.874
271.953
271.926
271.231
261.887
270.672
271.536
271.074
271.267
271.014
271.305
270.879
270.347
260.840
260.593
261.316
271.566
271.416
260.547
270.641
272.247
270.226
271.943
270.886
260.466
271.305
271.681
261.621
270.493
271.501
271.359
271.522
271.941
271.236
271.205
270.116
271.629
273.485
270.715
260.502
262.102
270.153
260.751
270.263
271.437
270.619
271.815
270.528
270.174
270.959
270.232
261.214
271.159
273.383
271.604
271.061
270.626
271.720
270.459
271.196
270.483
271.363
271.084
271.951
650.612
270.452
271.539
270.020
260.641
261.163
273.228
272.422
271.004
271.176
270.606
270.602
270.074
271.783
270.484
270.556
261.036
271.558
261.544
270.796
270.582
260.604
271.645
271.484
270.907
271.646
270.546
270.833
260.377
270.798
270.390
271.174
270.624
270.797
260.763
260.987
270.574
261.167
270.566
261.868
262.156
260.573
261.246
271.164
271.780
270.705
271.172
270.608
270.367
270.498
260.809
271.078
270.910
270.408
272.441
260.065
271.059
270.506
