302.599
270.481
261.185
260.122
261.065
260.500
260.635
260.977
260.625
261.342
260.767
260.014
260.433
627.277
261.613
261.172
262.269
261.407
262.175
260.915
262.538
261.083
260.806
271.693
261.480
261.095
263.832
262.418
270.862
260.082
261.588
260.715
260.794
261.556
260.521
260.334
260.829
260.545
261.550
261.178
261.846
259.912
260.559
261.563
261.495
271.374
260.656
259.814
260.472
260.711
260.461
260.212
262.245
259.921
261.522
260.443
261.097
261.014
261.024
262.136
273.566
263.890
260.510
270.478
271.060
260.966
260.656
271.535
260.773
261.159
271.208
260.208
270.967
261.331
270.496
260.489
260.837
261.560
261.594
270.361
260.604
261.183
260.322
261.864
271.094
261.978
266.641
262.369
260.776
260.530
261.140
260.990
260.920
261.431
271.504
260.228
261.331
260.339
259.843
261.234
270.812
260.403
261.253
260.710
630.245
770.614
261.156
261.013
260.152
270.189
261.654
260.811
261.445
260.598
260.467
260.802
261.608
261.032
260.749
260.285
260.799
261.364
261.037
270.896
259.960
261.535
260.642
263.617
261.766
260.680
261.526
262.620
270.612
260.883
271.640
261.571
260.113
270.674
270.780
260.497
260.678
260.388
260.849
270.136
270.769
263.372
259.722
260.694
261.134
260.633
