262.550
273.390
271.975
271.559
271.565
261.586
260.658
272.949
271.613
271.464
261.608
273.259
275.370
272.772
261.605
263.116
271.189
270.789
271.557
271.486
262.386
590.490
1220.464
285.558
261.721
273.993
272.413
262.756
264.684
277.500
273.346
273.107
272.664
272.497
270.928
262.747
272.568
263.128
260.841
272.198
270.874
260.987
264.829
270.727
263.975
271.716
270.401
272.689
261.331
270.981
272.128
260.643
272.147
273.439
261.285
272.470
271.527
272.755
273.960
271.351
272.913
260.906
271.248
270.296
260.075
259.798
271.566
263.447
259.904
261.571
272.979
261.359
272.939
272.482
265.132
262.440
272.403
263.934
262.601
264.513
273.100
263.200
262.791
264.141
273.021
272.144
271.067
260.508
270.845
270.013
270.466
260.945
270.241
271.425
271.772
269.343
272.748
261.848
271.958
275.721
271.327
271.638
260.401
271.484
271.896
272.164
262.286
262.765
272.459
272.965
380.001
1222.328
262.204
270.237
271.689
270.898
272.597
273.277
271.974
261.563
260.949
272.171
260.842
273.328
271.577
273.293
271.929
262.659
274.919
271.813
272.331
272.808
262.060
272.270
260.590
262.640
263.400
264.045
261.932
260.763
261.441
271.203
271.301
261.799
260.364
270.728
260.931
272.669
272.539
261.146
