278.220
1313.418
274.981
271.093
261.093
271.250
270.876
270.919
261.582
271.097
271.404
273.231
271.026
259.992
269.932
259.938
270.220
259.369
272.259
261.161
272.607
270.477
263.930
271.567
262.256
271.926
262.309
263.060
272.075
271.786
261.123
261.678
262.621
262.241
273.422
260.742
261.002
270.519
262.388
260.406
260.199
261.531
259.914
278.959
260.688
260.248
262.634
260.955
271.336
260.827
271.694
271.576
271.854
262.535
262.091
273.668
261.341
273.200
273.071
260.779
270.845
260.446
260.767
263.383
261.450
260.947
270.452
260.495
263.880
261.244
261.249
272.995
271.083
263.246
261.087
261.029
271.283
271.615
272.901
273.100
272.601
275.458
272.635
271.529
270.135
260.631
270.030
270.314
260.120
260.550
542.794
1324.790
274.441
263.442
271.801
261.664
272.003
274.923
262.011
263.203
262.052
274.781
273.983
266.259
291.138
272.460
273.388
261.057
259.905
270.697
261.337
261.043
270.064
271.944
260.403
260.978
261.770
270.914
270.180
260.436
270.763
269.772
270.064
261.119
271.537
277.903
272.257
271.954
271.610
272.764
271.147
270.476
270.662
262.485
270.269
270.707
270.201
270.864
260.792
270.357
271.136
260.692
269.827
270.001
270.704
270.147
270.076
270.378
270.606
261.113
