797.195
271.138
272.853
272.461
270.797
270.176
261.287
270.970
271.813
271.322
270.621
273.838
271.655
270.844
271.208
270.459
271.254
271.635
261.380
272.344
270.419
271.175
261.611
265.863
261.850
261.425
270.841
271.687
273.171
272.186
260.987
261.948
270.414
270.304
271.371
270.803
271.828
260.231
262.481
270.523
261.107
271.716
271.622
261.376
261.324
271.024
271.723
262.062
271.568
260.974
260.365
263.478
271.139
271.146
259.975
261.988
271.245
273.263
270.595
271.210
270.676
262.180
272.208
271.015
271.887
261.221
271.453
270.983
271.662
271.369
260.965
271.370
270.991
260.688
273.441
271.541
261.179
270.583
270.762
270.610
260.267
260.252
271.130
260.572
271.069
261.715
262.796
630.810
786.759
271.262
260.633
270.962
271.268
270.995
271.931
271.214
261.921
271.066
271.260
261.119
271.293
260.373
271.463
271.946
272.228
270.972
271.011
272.300
261.519
259.794
271.760
270.898
271.125
271.373
271.342
271.272
262.345
273.874
270.964
271.663
270.619
261.285
271.204
272.169
273.903
260.801
271.126
261.379
270.986
270.300
260.251
271.154
270.463
261.505
270.760
271.599
271.809
260.888
260.210
270.274
263.359
272.635
260.522
271.868
271.556
261.282
271.095
272.061
261.066
270.545
