262.074
261.858
265.127
267.008
276.535
271.719
273.379
263.436
273.501
274.156
271.652
278.052
275.621
283.461
273.029
272.568
272.586
260.217
272.249
271.173
261.191
269.274
3088.964
292.018
260.610
259.208
270.252
260.276
259.957
259.938
260.006
259.555
269.830
271.208
259.210
259.685
270.088
270.222
274.834
273.020
270.570
270.080
260.194
269.791
259.929
270.338
260.335
270.341
271.948
272.599
270.118
260.996
271.453
260.189
260.603
260.985
261.518
260.151
260.690
270.226
279.326
271.060
270.884
260.088
272.197
259.750
272.832
269.743
261.342
271.345
261.102
261.478
260.256
270.303
271.597
259.372
277.407
279.118
272.346
270.136
260.369
260.823
270.948
271.303
262.491
259.324
270.657
261.612
260.881
260.708
269.670
260.500
259.932
259.739
270.304
260.352
262.307
261.275
269.412
282.927
260.677
260.309
262.326
260.085
261.924
264.274
264.830
260.446
261.595
260.082
271.664
270.727
271.468
261.455
271.877
262.273
262.348
272.395
270.265
3063.602
285.941
270.205
260.613
271.628
261.702
271.921
260.505
271.995
261.721
270.308
260.772
261.449
272.249
260.320
262.983
272.513
262.438
261.706
261.396
271.139
274.227
271.203
262.867
261.847
263.953
275.033
272.551
271.905
261.213
271.349
