264.040
272.305
270.527
270.101
271.373
643.202
772.971
271.226
271.662
263.832
271.133
271.186
262.023
271.517
261.683
263.498
273.036
272.251
271.500
260.945
261.272
260.968
271.367
271.520
271.492
271.427
270.839
271.076
261.642
271.820
271.427
270.906
271.133
272.589
272.183
272.059
271.059
270.973
260.671
260.493
270.312
271.806
271.650
272.700
271.937
271.440
271.728
271.666
271.178
261.015
271.951
270.981
270.909
271.145
260.601
261.822
272.192
270.653
271.813
271.591
261.008
270.376
260.560
271.186
260.148
272.469
261.136
276.367
260.278
270.953
273.120
271.966
271.508
262.909
270.711
272.325
260.675
271.125
272.132
271.748
270.624
261.226
261.982
270.879
271.957
260.713
261.105
271.445
261.006
271.994
260.496
271.836
271.748
261.412
638.488
789.477
272.546
270.973
261.225
264.794
272.707
270.611
271.355
270.652
270.610
270.878
260.645
260.906
271.325
262.287
270.752
261.331
270.880
271.509
271.117
260.796
261.566
270.453
271.533
271.209
271.205
271.019
272.209
270.934
271.614
275.621
261.564
271.530
262.228
270.768
271.362
271.416
271.455
260.606
270.478
264.118
271.697
270.791
261.284
260.491
271.749
271.390
271.452
270.723
260.229
271.415
260.691
270.875
270.719
272.109
