277.420
7.561
8.061
15.545
25.237
7.806
22.009
7.346
13.972
8.727
31.922
7.911
19.174
17.853
25.665
24.829
27.197
9.448
8.278
18.295
10.950
33.151
9.588
7.897
18.683
31.197
23.726
23.269
19.131
18.043
7.392
25.962
13.362
19.422
23.039
8.589
21.773
34.031
28.436
23.645
7.147
19.245
37.787
21.053
19.877
22.036
7.752
7.480
28.903
27.825
8.378
24.764
8.910
7.448
28.966
7.626
19.160
9.598
8.501
20.474
20.344
9.731
7.645
18.134
9.529
14.485
16.865
34.972
28.449
7.345
9.217
8.766
18.153
28.673
8.495
17.983
25.098
34.322
40.623
19.639
8.507
28.975
8.196
52.494
8.408
18.430
9.541
32.496
29.102
22.989
19.444
8.470
30.824
26.170
19.328
7.842
17.850
17.469
22.743
13.867
42.027
22.276
7.314
12.182
31.350
57.025
30.622
17.985
19.497
34.588
35.586
9.194
7.774
20.374
22.529
25.666
19.073
17.672
8.073
24.438
25.371
38.061
27.406
18.346
28.212
31.728
21.102
20.871
8.149
8.360
23.042
18.729
18.612
23.010
17.800
7.591
23.091
42.826
18.131
8.090
19.278
27.530
24.065
20.570
19.167
8.337
22.982
29.241
7.125
22.327
