266.382
22.954
9.844
11.452
9.052
20.805
11.941
12.369
12.431
22.380
12.125
17.755
10.911
13.980
19.979
20.056
19.792
28.303
24.126
25.744
8.105
8.951
21.547
10.551
14.755
21.119
20.489
10.075
20.144
12.595
19.843
10.452
19.364
18.715
18.912
8.708
20.592
11.519
23.695
31.290
20.153
19.584
8.303
26.426
23.783
29.805
25.828
8.837
18.948
17.984
24.438
28.571
23.275
9.709
7.913
21.235
22.563
16.447
11.697
25.440
10.930
8.433
26.163
29.298
27.250
39.778
26.532
24.685
19.820
19.587
10.440
18.310
14.283
22.573
20.651
14.237
12.476
12.667
25.430
13.021
19.507
20.185
8.809
31.485
25.404
32.376
31.292
19.082
18.594
9.391
23.837
31.696
8.882
19.022
30.638
21.781
26.049
8.846
8.604
18.365
9.636
22.759
20.894
23.441
12.148
9.118
18.066
22.318
31.651
9.487
12.813
8.298
17.994
31.801
21.481
13.286
21.611
9.070
7.994
30.206
30.359
22.503
20.126
18.749
9.757
20.984
23.274
24.113
18.675
20.082
7.850
19.109
25.057
12.153
22.562
18.797
12.401
9.903
18.170
8.017
21.484
31.944
10.231
8.013
20.054
21.404
28.764
10.993
13.052
9.816
