276.037
261.976
274.717
272.180
273.006
272.020
260.886
260.988
271.761
270.281
271.004
270.970
266.463
261.296
274.101
260.504
272.460
260.003
262.089
261.065
261.580
271.522
272.256
261.254
262.324
271.901
272.384
262.442
262.202
1546.758
273.955
261.656
272.659
271.905
271.433
266.293
260.304
261.605
261.396
260.517
260.695
270.003
270.345
270.761
260.440
260.906
272.368
265.873
261.891
263.278
272.560
262.320
261.605
274.425
272.126
262.754
271.612
261.159
270.797
270.540
261.844
260.865
260.665
262.627
260.187
260.478
271.063
260.579
260.845
262.452
264.361
262.983
262.165
261.344
261.592
263.301
261.357
264.252
260.897
263.582
261.497
262.196
261.070
272.472
261.020
261.845
271.533
260.403
269.828
261.567
261.466
260.717
261.667
262.738
272.878
265.189
261.788
263.049
261.451
263.240
269.007
268.575
265.723
262.970
260.761
260.794
260.218
259.597
261.488
271.479
270.278
270.679
259.799
259.730
270.405
262.938
262.184
271.459
266.252
1243.798
271.085
271.787
260.990
261.427
261.264
271.650
272.252
272.073
273.167
260.506
260.251
260.702
275.477
261.549
262.338
262.217
261.672
273.058
261.043
263.322
260.062
260.725
261.011
260.753
261.535
267.378
262.258
260.966
262.835
262.108
