347.233
270.498
263.791
272.400
271.163
261.098
261.757
259.756
272.294
271.222
261.240
261.936
272.026
261.484
260.530
263.052
263.127
263.263
262.594
264.939
262.094
273.443
263.748
261.437
263.085
263.305
261.547
272.677
272.309
272.907
262.928
272.548
261.409
262.251
261.843
261.846
272.256
274.467
272.070
272.187
272.653
264.575
264.022
262.930
272.055
272.595
264.652
263.006
272.069
260.924
262.744
270.982
272.356
262.077
270.567
273.325
274.661
271.504
274.241
260.189
262.415
260.529
272.982
271.712
271.650
270.187
272.827
261.307
270.906
271.276
272.477
271.722
273.628
264.302
261.816
273.221
272.845
620.488
773.569
260.807
270.675
270.793
274.862
272.219
270.583
259.514
270.234
272.623
270.225
270.785
271.623
260.393
262.453
271.985
271.028
280.361
270.659
261.813
271.058
272.967
265.449
261.418
271.122
271.895
271.889
271.361
260.853
271.939
272.476
272.078
271.945
270.418
272.823
274.278
260.751
270.918
271.299
270.056
272.358
271.178
271.403
271.553
270.357
262.629
271.857
272.063
270.672
271.695
270.537
261.362
270.639
272.784
272.325
271.168
271.360
270.852
271.813
271.109
271.187
272.580
270.770
265.873
270.770
271.342
270.729
272.127
270.600
270.319
271.408
271.098
