264.798
277.714
278.139
273.021
282.331
266.750
284.349
278.494
271.731
279.864
268.276
277.891
294.485
284.246
289.074
282.669
282.696
300.498
285.404
290.086
276.508
290.045
283.279
291.028
280.127
288.373
284.592
273.962
267.205
276.714
287.699
293.189
279.355
282.701
283.812
269.555
291.653
284.700
279.781
269.094
279.110
277.961
275.240
272.173
279.754
297.186
266.169
295.323
269.879
277.074
266.882
271.878
290.591
271.636
276.851
277.049
266.028
278.546
281.114
278.970
279.952
276.703
275.006
278.881
276.863
276.037
283.374
277.940
3178.778
275.895
285.287
284.136
277.884
268.453
289.059
263.780
284.455
279.614
280.609
264.986
273.400
278.840
284.034
292.089
288.557
290.465
287.993
268.020
285.406
276.395
282.657
281.139
287.094
291.619
281.135
284.015
282.083
264.915
279.994
276.816
275.044
263.881
271.052
283.287
275.269
274.452
281.401
282.135
274.174
275.399
274.343
286.126
290.452
267.602
279.051
286.035
284.399
279.978
284.234
284.545
276.153
282.370
273.111
282.986
288.662
272.204
281.467
280.112
279.576
287.217
279.013
285.323
269.985
269.625
286.472
291.824
286.812
286.558
277.861
282.970
280.243
287.626
283.253
271.307
278.943
282.212
280.628
272.593
277.837
283.344
