284.299
291.029
286.719
288.451
282.051
276.677
283.832
285.290
284.188
279.211
287.073
283.564
279.741
276.045
286.599
273.471
296.236
290.621
295.629
288.481
289.367
286.495
279.370
294.206
267.475
276.733
3203.202
279.360
269.867
285.494
286.006
277.825
282.618
283.966
288.987
289.415
285.264
292.048
286.322
283.648
289.593
288.105
279.705
261.068
261.120
263.154
277.827
283.047
266.290
280.616
286.776
284.688
268.722
287.860
292.114
290.998
289.264
280.894
284.253
293.047
288.384
296.701
291.539
289.206
290.391
281.601
288.543
285.938
284.938
290.568
291.515
289.686
279.395
269.017
291.036
283.319
289.711
286.709
288.135
287.486
292.761
291.457
287.467
288.694
284.803
281.571
279.827
280.040
274.184
270.973
261.347
262.736
273.538
273.460
278.390
274.048
268.816
262.390
274.694
270.361
288.142
272.383
266.749
281.980
278.254
282.299
278.844
277.443
275.430
280.026
283.665
281.959
3201.763
294.297
275.101
277.933
278.832
282.566
270.738
274.182
267.504
273.691
265.696
279.688
274.096
274.886
259.757
278.205
274.223
277.217
292.388
288.541
266.212
268.674
266.039
286.111
290.794
286.847
275.523
295.447
287.333
287.325
287.578
286.804
277.151
260.304
277.899
289.342
280.678
282.223
