275.023
27.994
33.035
17.936
7.777
19.317
20.636
28.915
27.376
23.100
18.036
20.491
30.091
31.301
7.812
17.611
10.731
10.639
22.887
36.108
23.516
9.761
8.391
11.169
26.753
30.362
7.980
17.568
17.610
17.931
25.593
25.294
21.068
8.451
7.720
21.106
26.749
22.345
10.547
7.662
20.148
18.846
8.709
29.896
9.581
22.421
20.498
19.017
24.603
9.092
21.672
19.417
8.807
20.705
19.892
8.420
8.485
19.210
18.676
18.913
8.888
20.897
18.145
14.808
18.075
8.110
19.816
13.993
8.122
23.842
18.221
22.449
30.877
14.343
24.973
17.516
17.654
14.931
11.864
7.563
31.028
22.167
7.512
19.636
33.066
18.622
26.179
17.396
19.378
35.611
21.111
18.161
18.621
18.496
9.778
19.365
22.441
18.160
18.403
19.236
13.053
21.550
21.477
15.482
10.240
18.023
13.073
30.775
29.973
36.955
7.976
7.520
30.469
32.293
21.934
21.613
23.472
22.756
20.502
31.980
20.362
7.904
18.659
8.092
9.577
18.240
9.924
18.433
12.668
17.458
18.080
34.572
30.726
18.418
17.741
7.410
30.661
30.935
23.785
8.340
17.634
11.239
19.197
22.607
27.791
15.913
17.517
17.719
30.998
19.586
