276.201
261.378
778.807
262.417
261.771
263.835
273.087
272.974
262.317
263.069
262.909
261.523
263.533
263.693
271.129
261.653
263.397
272.621
271.255
271.179
262.527
275.259
262.927
263.748
270.710
270.620
271.033
260.732
273.269
270.653
261.546
270.740
271.834
262.873
271.727
271.416
273.561
275.732
272.521
262.992
265.661
272.196
271.215
271.835
263.178
263.666
271.390
270.747
272.213
261.429
261.883
261.412
264.077
263.595
261.347
274.135
273.142
271.116
272.198
262.342
265.888
262.497
261.815
260.824
265.262
270.469
272.142
271.248
270.590
271.131
271.291
270.592
270.456
270.779
260.467
260.527
270.457
270.879
270.493
271.729
270.937
270.631
270.706
272.475
270.419
261.296
260.708
271.792
270.767
272.495
271.000
628.013
777.046
272.030
272.516
271.900
270.922
271.295
271.215
271.370
261.864
272.065
261.670
275.675
270.619
270.767
262.610
271.177
271.002
261.451
261.485
271.114
264.112
271.469
260.426
271.458
270.307
271.404
270.548
270.538
271.354
259.851
272.774
271.131
273.623
271.117
262.272
261.852
270.377
271.195
271.126
272.265
266.914
271.815
271.411
271.004
271.524
271.297
274.598
271.151
271.540
271.351
261.461
272.063
270.231
261.400
270.404
271.354
272.242
272.826
