278.530
261.940
96.276
364.278
271.387
270.737
81.432
376.623
29.708
408.135
69.470
386.595
273.484
118.478
329.229
261.011
268.671
270.956
261.771
271.579
263.274
262.044
262.563
273.426
271.847
270.832
155.916
292.994
260.909
271.877
271.343
260.926
271.275
271.597
270.620
271.400
271.279
270.865
271.237
163.020
282.903
273.210
273.609
275.459
261.031
261.812
261.577
271.696
261.543
271.533
272.141
260.806
272.210
270.573
271.276
271.282
272.277
261.925
261.711
271.259
190.367
262.521
270.869
261.773
272.600
261.548
260.756
273.217
272.341
69.572
381.104
229.637
260.949
276.027
262.267
266.031
260.378
260.876
260.658
260.897
125.181
691.494
768.816
260.880
260.745
261.766
261.889
260.326
174.627
273.351
261.226
261.706
260.905
262.580
271.113
272.194
262.055
260.024
262.549
260.871
260.578
263.127
260.756
261.345
262.195
125.400
20.399
505.043
262.100
261.439
260.908
185.418
272.754
262.142
74.885
371.575
264.786
260.146
259.891
260.763
260.439
259.750
252.772
271.634
260.874
260.575
260.405
271.199
261.949
155.935
277.222
260.168
165.793
281.012
260.346
263.032
28.662
421.247
231.091
261.249
262.094
261.233
260.640
261.811
261.504
261.649
226.957
261.096
260.022
260.966
